# Host load during the settlement campaign (round 3)
#
# /proc/loadavg's 1-minute average, sampled every 45 s, with the campaign's completed
# sample counter beside it. Committed so the load figures in host-quietness.txt can be
# checked against the data they were read from rather than taken on trust.
#
# columns: epoch_seconds  loadavg_1min  campaign_samples_completed
# span: 2026-09-21T16:54:03+02:00 -> 2026-09-21T17:47:19+02:00 (72 samples)

1790002443 0.25 0
1790002488 0.27 3
1790002533 0.27 8
1790002578 0.19 12
1790002623 0.67 17
1790002668 0.39 20
1790002713 0.24 22
1790002758 0.28 27
1790002803 0.31 32
1790002848 0.15 36
1790002893 0.26 40
1790002938 0.19 42
1790002983 0.31 46
1790003029 0.14 51
1790003074 0.22 55
1790003119 0.14 60
1790003164 0.16 61
1790003209 0.20 65
1790003254 0.72 70
1790003299 0.52 75
1790003344 0.24 79
1790003389 0.26 80
1790003434 0.37 85
1790003479 0.30 89
1790003524 0.18 94
1790003569 0.20 98
1790003614 0.14 100
1790003659 0.12 104
1790003704 0.17 108
1790003749 0.20 113
1790003794 0.35 118
1790003839 0.40 120
1790003884 0.29 123
1790003929 0.28 128
1790003974 0.76 132
1790004019 1.37 137
1790004064 0.75 140
1790004109 0.53 142
1790004154 0.42 147
1790004199 0.40 151
1790004244 0.23 156
1790004289 0.18 160
1790004334 0.13 161
1790004379 0.06 166
1790004424 0.14 171
1790004469 0.20 175
1790004514 0.23 180
1790004559 0.11 181
1790004604 0.05 185
1790004649 0.33 190
1790004694 0.59 194
1790004739 0.41 199
1790004784 1.26 200
1790004829 0.97 204
1790004874 0.72 209
1790004919 0.64 214
1790004964 0.30 218
1790005009 0.22 220
1790005054 0.27 224
1790005099 0.36 228
1790005144 0.39 233
1790005189 0.24 237
1790005234 0.36 240
1790005279 0.24 240
1790005324 0.38 240
1790005369 0.36 240
1790005414 0.61 240
1790005459 0.28 240
1790005504 0.30 240
1790005549 0.38 240
1790005594 0.55 240
1790005639 0.26 240
